
1000214
10009276
1001294
10020890
10024362
10025730
10027246
10037385
10042300
10053004
10059162
10059582
10063461
10080869
1008378
10084181
1009240
1009871
1010118
10101634
1010458
1011725
1012073
1012360
10126708
1012712
1013367
10144838
1015244
10165109
1017987
1019524
10200781
10235549
1023820
10249459
1027379
10285938
10287213
1028748
1029852
1030132
10305802
10322238
10332385
1033527
10351874
10354898
1035530
10360747
10376523
10377021
10378412
10379758
10398624
10399491
10405694
10421016
10439851
10450303
10462860
10466918
1047338
10480253
10484858
104868
1048912
10490141
1051331
10525134
10526927
1053920
10557854
10560637
1057200
1057759
10582746
10595164
10595647
10596899
10605985
1062583
10628644
10632576
10648237
10658501
1066163
10675876
10676877
10677713
1068773
10692883
1072262
10732967
1073995
10741590
10752093
10753546
10756433
1076046
1077350
10787470
1080366
1083077
1090335
1090446
1094725
109660
1097743
1101913
1106808
1108148
1111028
1119169
1123598
1127795
1129920
1133281
1136519
11409059
11410625
11412592
11412727
11417672
11418750
11419404
11421401
11422597
11425580
11426530
1143040
11439690
1144133
11444117
11449002
11450566
11450869
11452218
11473954
11476430
11480698
11480930
11486178
11486708
11492833
11493266
11495041
1149911
1151110
115157
11524662
11562747
11567411
1156834
11571907
11573660
11579418
11585340
1158690
1158872
1161161
116687
11669335
11675842
1168468
11692265
1170962
1173038
1179393
1182709
1184814
118523
11868814
1196037
1198101
1198750
1201021
1202904
120316
1203676
1205696
1206218
121166
1212519
1212572
12141495
1214265
12170585
1221611
1227675
1230965
123170
1237415
1239064
12411461
124442
1248191
126264
1290422
1291069
1295275
1296462
12992868
13083586
13087625
13095685
13103136
13108841
13112664
13122364
13125117
13129165
13134947
13139647
13156083
1321854
13245626
13252973
13255145
1326291
13265011
13275288
13275847
13278375
13282007
13282550
13285176
13286801
13290002
13308999
13327896
13329641
13344071
13353607
1335659
13357178
13371489
13377268
1338685
13388245
1340439
13405962
13424865
1342529
13427078
13435152
13440063
13444703
13445296
13446390
13447361
13450862
13452347
13453160
13456715
13457378
13458571
13466586
13467916
13473097
13474290
13478525
13482330
13489037
13496972
13497135
13508333
1350855
13509528
13513747
13514314
13515958
13518963
13524399
1352574
13526110
13533470
13534954
13535261
13536794
13545382
1354673
1355326
13553916
13558490
1356038
13561719
13564910
13565379
13571580
13575869
13576101
13576355
13576982
13577171
13577934
13582013
13583478
13583724
13585429
13594585
13600404
13601596
13603065
13603305
13604718
13607985
13608319
13608598
13609507
13616054
13633375
13634615
13634784
13635108
13635336
13639927
13649268
13653902
13662703
1367772
13685678
13714184
13716084
13717155
13728499
13730756
137313
13732295
13733167
13736799
13741022
13745420
13756125
13757724
13758296
13760316
1376245
13771404
13781670
13783038
13783581
1378556
13790712
13791389
13792579
13794417
13800801
13803782
1380638
13809207
13815152
13815742
13819207
13821570
13824815
13826959
13830305
13831000
13836371
13836841
13841213
13844690
13846199
13846546
13850304
138508
1385330
13854649
13856574
13859043
13860793
13861050
13863186
13863771
13864763
13867641
13870805
13878306
13879320
13883346
13888491
13893786
13896369
13899200
13899404
13900287
13902048
13903079
13910384
13911429
13919685
13920429
13920835
13927383
13932421
13934274
13934596
13934900
13939892
13945919
13948441
13954253
13961642
13968547
13971065
13972797
13973490
13973990
13974317
13983147
13985818
13991823
13996300
13998576
1400044
14006179
14006945
14010148
140123
14014621
14015731
14016361
14023236
14023997
14024882
14034177
14035298
14036203
14037619
14039534
14040660
14041256
14045507
14050143
14052046
14052403
14055623
14057371
14059928
14061805
14070360
14075199
14076126
14081375
14082595
14083790
14084502
14084880
14085708
14100769
14103288
14108324
14110411
14110674
14113228
14113798
14115914
14116321
14117805
14121276
14122235
14123044
14127211
14145095
14146273
14147627
14151139
14165544
14166118
14171682
14174549
14176895
14178913
14181713
14186340
14186541
14187378
14189204
14191037
14195315
14196405
14198200
14204950
14207561
14211294
14213199
14213512
1421622
142191
14219661
14222112
14226056
14227218
14229912
14234074
14235200
14236226
14236743
14239425
14239918
14242337
14246359
14252320
14252864
14253124
14258609
14267841
14276936
14285662
14288235
14288871
14290881
14295248
14297696
14298815
14299637
14304060
14315071
14315192
14316714
14317720
14320394
14320984
14321469
14322699
14326607
14336539
14338942
14350292
14351321
14352890
1435380
14360459
14361664
14365950
14366759
1437254
14373582
14375890
14376855
14380140
14380473
14381416
14382238
14391660
14395018
14398067
14400677
14403107
14405
14406573
14408086
14411243
14414294
14418395
14419164
14420954
14429985
14433587
14434681
14436875
14437552
14441825
14446652
14447525
14449126
14449405
14450691
14457041
14462666
14462946
14464203
14465048
14475661
14479615
1448100
14481929
14487184
14493145
14494893
14499262
1449974
14501726
14507951
14512817
14514039
14516501
14524849
14530061
14531772
14533203
14534696
14536438
14540765
14541044
14544335
14544672
14547369
14547643
14548343
14548913
14550797
14552802
14557898
14558226
14558599
14559208
14560612
14561618
14566129
14573196
14580897
14584765
14585519
14586258
14586769
14587688
14588219
14588492
14589223
14591635
14592610
14593874
14598383
14601829
14603497
14604959
14605787
14607521
1461328
146138
14617189
14618253
14618834
14620895
14621446
14622893
14625458
14627081
1462928
14633206
1463519
14682133
14688500
14696793
14705533
14706749
14708720
14710501
14712692
1471682
14720962
14723628
14724264
14724436
14724645
14727670
14728724
14731135
14732116
14732946
14734348
14735953
14736972
14737847
1473806
14739004
14743046
14743582
14744841
14745635
14747338
14747587
14749794
14751417
14751863
14752057
14756039
1476483
14766364
14767996
14771088
14778019
14778436
14779550
14780040
14786479
14792703
14798450
14800277
14806838
14807410
14807558
14807737
14807929
1481360
14817592
14818238
14821043
14828193
14830364
14832193
14836127
14836642
14840755
14844693
14849367
14850483
14852450
14853392
14853947
14856263
1486312
14864360
14866889
14867858
14871968
14877585
14883206
14884120
14885088
14887305
14888310
14888884
1488956
14898470
14899152
14902141
14904359
149084
14910440
14919948
14938907
14939230
14939900
14940100
14940386
1494310
14943950
14944888
14951377
14954284
14954601
14964367
14964590
14970136
14971234
14971519
14974264
14980215
14983143
14983774
14984378
14984973
14987695
14989820
14991712
14994004
14994328
14999106
14999913
15010703
15015501
15022776
15024240
15026716
15027189
15030481
15032376
15032661
15034074
15034741
15036638
15046900
15053867
15058023
15058310
15059939
15060131
15062778
1507175
15077571
15079925
15088440
15089472
15090742
15098161
15101361
15113229
15116532
15118228
15119536
15120823
15122011
15122231
15133621
15140892
15143477
15144371
151497
15154774
15155220
15157225
15163157
15164957
151689
15180528
152018
15204983
15209706
15214068
15228378
15236475
15239292
15265518
15266911
15269513
15271008
15272029
1527271
15281176
15283097
15286249
153263
1534147
15388
1540449
1541579
1543123
1545883
1552519
1556921
1557774
1564144
156601
157081
157844
1587062
161225
161243
1617192
1619231
1619354
1619929
1621555
162632
1626600
1627355
1627424
1631072
1631534
1636397
1639714
1640855
1641914
1642924
164444
1645601
1647229
1653873
1657723
1674216
168237
1686132
1693881
169651
1697816
169806
17222
1724459
173338
1736822
1740
1742886
174412
1752495
1752884
1753788
1759326
1761706
1764800
1767163
1767949
1770501
177127
1777210
177783
1785971
1787955
1789740
1790020
1790739
1791625
1792567
1794668
1798936
1816431
181781
1818235
1819147
1821996
182406
1825237
1831531
1835496
1843055
1849221
1850315
1857717
1859221
186634
1886756
1896031
1904930
191142
19128
192051
1930
193486
19448
1952898
19613
1963942
196485
1974062
197772
1987160
199130
2004874
2005948
20090
2009433
2012344
2013571
2016523
2018049
2020590
2031158
203342
2035919
203866
2050132
205046
2055649
205885
2075462
20827
2083346
2087551
208836
209943
2106506
2108377
2110220
2110927
2114924
2120997
2121188
21265
2127853
2131279
2136271
2137
2137132
214951
2150510
2153445
2158587
216174
2163746
2169352
219012
21939
2199590
2202928
2205272
220869
22099
2210855
2212825
2213690
2222318
2225492
2228698
2229055
2230247
2231661
2232190
223500
2238085
224901
2251743
2256109
2257370
2257767
2260362
226107
226566
2267060
227165
2281093
2286204
2295550
229605
230324
230746
23100
2313250
231567
2316304
2316868
2323902
2324478
23271
2327200
2329401
233335
2339413
2348568
235368
235435
2367363
2374149
2376958
23773
2383440
23868
2391803
2395003
2397637
2402010
2413131
2422663
2424652
2426171
24264
2427334
242808
2431320
2431971
2436349
2439281
2439501
2439929
2441022
2450505
2451370
2452
2452885
245457
2469914
2471690
24720
2472223
2473431
247390
2475922
2477334
2480923
2484473
2487347
2489589
248977
250259
2506546
2510337
2512305
2512938
2514187
252019
2524171
2530167
2533282
2536557
2542795
2547586
2551832
2552449
2554922
2556126
2566528
2568959
2579447
258854
258857
2603699
2604477
2604760
2609764
2616713
26192
2620587
2621395
2623529
2627363
2627666
2629256
2630189
2632167
2632940
2633881
2635956
2641957
2645007
2649830
2655135
2657219
2660631
2663643
2664769
2665282
2666239
2666882
2667900
266806
2669789
2673134
2673637
2673965
2676054
2677097
2679788
2679899
2681518
2681795
2682038
2683840
2684
268557
2687916
2690708
2694933
2696801
2697438
2697725
2698769
2700867
2703275
2704153
2704349
2707683
2712393
2714883
2715941
2716205
27167
2716866
2718084
2718259
2718469
2718811
2719105
2719750
2720201
2720725
2721160
2721538
2721948
2722166
2722458
2723292
2724207
2725367
2725714
2727825
2735688
2743547
275424
2764245
27807
278117
2785648
2792049
2796623
2797881
279835
2799897
280586
280853
281101
2821943
28270
2830852
283090
283127
2832168
2853449
2854156
285557
2876657
2895606
2905612
2913152
2914991
29378
2938514
2954340
296178
29677
2974697
2996840
302394
303465
30358
3054098
3076708
3079741
3080309
3081021
3085333
3088707
3089014
3091374
3093574
3094503
309647
3096960
3097890
3100490
3101986
3111899
3122748
3124700
31264
3129123
3157987
315986
317700
3178782
3180969
3183080
31921
3196324
3198383
319939
3203641
320852
3210683
3211117
3214670
3234306
3247620
3248958
3253398
32613
3264542
3265032
3269401
3278248
328015
32823
3285912
329227
3294048
3299929
33020
3302121
3302790
3309808
331950
3323703
3329880
3343853
33615
3365991
337486
3391770
339934
3414814
34213
3446528
34574
345926
3472232
3479647
348746
3492717
3496892
3497657
3510583
351485
351638
35189
3519981
3522239
3526198
352826
353469
3536348
3541091
354884
3550533
3553
3562126
3562739
3563967
3570838
3574816
3575240
3582305
358931
3620052
362348
362659
3631922
363260
3641706
365709
3659292
365995
3664943
3666917
3670208
3670849
3673767
3676175
36762
3679986
3681148
369802
3699975
3709206
3713736
372013
3733925
3736970
3739518
37396
3739693
3740161
374224
3748162
3748886
3756184
376063
3763133
3763727
3771443
3783017
3786417
3789946
379422
3800001
3808564
3808977
3809939
3816005
38262
3827536
3828155
3828465
3829085
3834836
383606
3839993
3848729
3851341
3851787
3852280
3853734
385791
386915
3872495
3892891
3894379
39021
3910033
3910417
3915437
391599
3917455
3920989
3924069
3925226
3926148
3931044
393369
3940256
394813
3948459
3953020
395797
3961070
4007894
4013729
4013993
4014297
4017137
4019101
404642
4048568
4049405
4050410
406243
4074482
407535
4076846
4081044
4100620
4103491
4105893
4157320
4161358
4161981
4166841
4169152
4176528
418025
4181228
4188643
41899
419950
4217882
422090
4230808
4233405
42541
4258
4262678
4267577
426928
42757
429060
4298308
4306080
43195
4320126
4339291
4341686
4352070
4353189
4359335
4359589
4362025
4364545
4365484
4377057
4379243
438495
439826
439958
4402746
441445
44150
4416530
441824
4423288
4424218
443116
443984
44455
4451818
4470232
4475
4482543
4489008
4490091
4493505
4521699
4522421
4522904
45250
4528630
4531098
4537602
454868
455599
4571088
4576211
45907
4599396
4602044
46177
462092
4623113
4627000
4637923
4642596
4648207
46522
46534
4657876
4661706
4662951
4669247
4670022
4673965
4679549
4680285
4682462
4683453
4688246
4692157
469382
4709253
471711
4718563
4723816
4728068
4731497
4733640
473572
4742535
4743605
4744814
4748836
4750940
4752221
4752530
4753455
4756172
4756635
4762633
4763925
4764412
4770535
4773351
4777852
4782878
4790449
47945
4800359
48225
4835724
4836268
484166
4849241
4881829
488225
4887129
489837
49003
4907269
4914292
4916342
4921011
4921754
4933544
4934546
4938228
4940146
4941325
4950126
4951373
4959672
496167
4976952
497705
4981139
4988666
4992163
4997988
4999401
5008227
5009170
5010627
5015117
5017230
5023233
5023741
5025935
5029706
5032565
5032918
5036394
5038593
5038959
5040275
5042871
5044673
5048123
5053688
5054863
5056490
5062748
5064037
5071027
5072911
5074774
5075602
508091
5083328
5083905
5084201
5087297
5089947
5090441
5093581
5093890
5098942
5107765
5108740
5108947
5113133
5116953
5119367
5121418
5123416
5125377
5129201
5133287
5138488
514463
5151088
515154
5152150
5154517
5154676
5155821
5161436
5161614
5164521
5168261
5174653
5190804
5194151
5196375
5199286
5200169
5202497
520257
5204637
5217859
5220461
5222790
5223370
5225090
5225602
5237227
5237755
5239808
5246511
5246796
5248181
5249636
5250659
5264913
5267548
5269901
5275651
5282746
5286536
5288091
5289297
5289601
5289861
5294606
5296775
5297523
5298729
5299178
5301392
5303402
5313679
5326900
5327134
5329735
5333259
5333777
5389939
5392744
5397468
5398023
5402091
540235
5404728
5405946
5407119
5408684
5410315
5413241
5414534
5417975
5418717
5425910
5426243
5430628
543233
5432736
5432948
5436752
5445668
5447599
5447757
5449268
5449959
5450888
5454070
5461816
5462674
5464104
5465567
5467054
5467432
5470189
5474346
5475681
5475878
5483677
5486510
5486920
5493303
5497363
5501711
5512139
5514717
5515670
5517578
5523269
5524430
5528060
5531161
553173
5534712
5535484
5548726
5559908
5560244
5563034
556313
5566097
5566919
5578251
5578911
5580416
5581349
5581514
5582859
5585665
558630
5595083
5601758
5602132
5605944
5608868
5610008
5616246
5616786
562280
5624042
5640433
5644922
5645597
5648247
5650329
5650579
5651971
5652926
5653575
5654362
5660268
5665146
5669934
5670710
5675130
5678932
5682570
5682950
5685363
5686481
5686955
5695554
5695806
5697135
5701944
5704266
5706954
5708432
5710020
5712076
571609
5723210
5723563
5725378
5726345
5726596
5728678
5732756
5733583
5736149
5739043
5740300
5740560
5748054
5752544
575741
5760202
5764197
5765159
5767733
5770926
5772356
5774614
5775081
5784831
5788149
5793000
5797597
5798043
5802185
5804793
5808557
5809192
5816287
5817396
5817845
5819149
5820620
5822746
5823932
5824739
5829480
5830059
5832264
5833840
5835747
5837957
5838765
5839024
584367
5846054
5846355
5846932
5849040
5849789
5853636
5854150
5855125
5856066
5857459
5858936
5865998
5866653
5867413
5868954
5869584
5870365
5871362
58743
588888
5888929
5892096
5896733
5898568
5902545
5909921
591115
5913275
5916739
5919034
5925366
5926676
5929008
5930736
5941423
5944958
5945642
597915
5980875
5983801
5984287
5984584
5996646
5999797
599992
6000400
6003682
6018022
6021247
6021499
6021761
6024936
6026276
6037298
6037666
6043075
6045562
604576
6051542
6054700
6054892
6060049
606335
607114
6071426
6078327
6080522
6081833
6088995
609683
6100236
611433
6125041
6136258
614224
614489
6158346
61598
6166748
6169932
617059
618267
618878
6193203
6196284
6196584
6200178
6201136
620752
6208021
621627
623151
623162
6251781
6252138
6253140
6263369
6265272
6269130
6281295
6284225
6284777
628491
6286395
6289250
6290637
630380
6306233
6309383
6313651
632627
633864
6339416
634472
6349220
635012
6355894
635850
6362953
6365467
6367571
636921
637259
6392001
639556
6400510
6401328
6414372
6417598
641820
6418693
642045
642098
6421301
6421685
644583
64643
6467007
646833
6470073
6472025
6473563
647713
6479665
6480506
6481320
649760
649992
6502378
650353
6513366
6516955
651991
654625
654885
657260
657604
658082
6590210
6598915
661091
6612266
6615026
661824
6619065
66216
662681
6627006
6634376
6636259
6637824
6638868
6639674
6642138
6643408
6643763
664483
6647206
6650070
6652242
665886
6660942
66636
6671484
6681177
6684383
6686736
6688274
6689297
6691442
6696483
6697703
6698252
6700447
6702458
670261
671351
6714976
6719579
6722453
6724763
6729499
6732169
6738281
674607
6746580
6748969
6750804
6753299
6755568
6763273
6765044
6776138
6786629
678752
6791372
6797169
6799897
67999
6801740
6803636
6806469
680841
681429
6814870
6817782
6825399
6828818
683280
685683
686447
6868043
6873252
6876309
6880249
6887726
689344
6894544
689550
690614
692506
6929618
6941644
6946823
6948761
695226
6953731
6963951
697589
6986894
69879
698855
699815
6999233
6999802
7000195
7005158
7006951
7009946
701040
7010821
7020895
7044917
704690
7066659
7071483
7083732
708538
70965
7099271
7109196
7109847
7115021
7133701
7138085
7140659
7142566
7148192
7160883
7162194
7168131
7170753
717358
7181935
7185325
7193184
7193958
719494
719734
7204911
7205946
7206096
7212190
7215377
7217349
7247071
7258332
7260623
7264925
7283608
7290905
7291312
7294019
7296190
7296428
72989
730052
7307754
7307895
7308889
7309781
7311115
7313241
7314427
7321772
7323922
7324673
7325190
7326557
7327805
7334490
7337390
7339329
7342049
7345593
7347
7350192
7355491
7355887
7356676
7357388
7358060
735936
7359599
7365849
7366289
7367812
7368256
7369604
7371293
7373277
7373803
7387509
740577
7405893
7406350
7407777
7412092
7413899
7417644
7420770
742320
7427337
7430211
7435273
7440979
7444668
7445480
7445896
7446404
7450842
7456188
746718
7478169
7480068
748282
7485475
7487955
7492516
7494363
7497473
7498854
7500159
7501545
7505676
7509572
7510495
7510923
7511080
7512147
751567
7516354
7518132
7518261
7519253
7523905
7527352
752764
7527656
7531105
7538965
754942
7550369
7552087
7555184
7555863
7560652
756338
7566340
7570720
7573696
7578363
7578879
7579076
7596684
7597365
761713
7644706
7649854
766234
7672135
7679356
770437
7705931
7707451
772189
772967
773432
77419
7747055
7800740
7809368
7829412
7846
7858595
786195
78760
7881800
7884567
788564
788973
789138
791527
7933274
7934530
7938149
7938773
7939382
7940552
7941170
7942152
794981
7950920
7951464
7959269
7959943
7961016
7963711
7965085
7966140
7971582
7974025
7975026
797697
7992450
7996689
7999699
8008335
802318
803325
8049401
8050385
8052549
8053576
8053905
8059870
8061042
806502
8065093
807178
8077292
8079319
809465
810598
81072
812274
8123696
813044
813978
815686
817680
8180190
818466
8184861
8186047
8189659
819024
8190292
8190754
8208016
82081
8220714
822367
8227214
823436
8252602
8276342
8289449
828990
829107
8294696
8299493
8303504
8307589
831191
831651
8324514
8337324
8338847
8339454
8339939
8342039
8349916
835032
8359949
836236
8366202
8367880
838098
8386555
8389297
8390511
8391387
8403787
8404373
8426461
8430568
8434259
8435388
8436759
843959
844254
8456993
8457976
8459252
847340
84738
8491027
8491826
8497294
8512259
851994
853195
854876
8558963
8566028
8567235
8568978
8569165
8574314
8580803
859001
8591680
8593262
859758
8616311
8620061
8621598
8626283
8630039
8630985
86320
863513
8645963
8648322
8651247
8657249
8660339
8664443
8673395
8679972
868591
869596
870213
872541
872886
874067
874806
875394
878456
879759
883297
884011
88481
8887013
888786
892467
894738
898804
900375
901083
901103
901316
902579
904623
905842
913705
916909
9178821
9178999
9180259
9181557
918872
9190918
9193282
9199341
9224911
9225146
9230768
923793
9241247
927049
927261
9277538
9281777
928630
9287415
9287968
9289709
9290777
9291513
929586
9302616
930368
9304465
9304750
9312645
9312843
931467
9315159
9335240
9338013
933821
935940
9366017
9367203
9374886
9379111
9385911
9386422
939277
940384
940842
9416076
941990
9429387
942988
9437454
943837
9444100
946105
9465459
947077
947128
9475292
948071
948206
9483738
949134
9492123
952524
952963
953559
9540430
954608
954751
95502
955060
955148
955601
958334
958896
9605289
9606527
9608709
9609561
9610660
9612848
9613191
9614315
9614684
9617867
9620078
9622049
9624168
962447
9624980
9629752
9630641
9631463
9633969
9634494
9636339
9641757
9644820
9646608
964694
964911
9654687
9669125
9686536
9694109
972621
9729530
973077
975452
9761403
9762821
9764201
9773962
9792555
9816771
9820263
9826204
9827683
983824
987071
988028
9882007
9882716
9898892
9917593
9918248
993014
9955781
995838
996969
9974648
$UNK$